236.292879
769.232494
350.766628
583.025627
297.998390
478.332986
705.761701
548.315150
1.394917
758.210781
493.455764
525.192562
962.499118
80.394515
733.704682
143.324728
278.799198
121.550491
217.252543
933.170310
78.659675
544.237782
293.923417
511.077929
186.801528
357.348602
199.975882
273.691706
625.644853
792.815647
912.082065
750.490118
814.858849
617.532436
526.444583
115.191425
41.737308
133.983664
825.456335
195.130311
581.641625
763.981283
493.121074
600.068209
989.182279
350.950743
538.864313
901.809573
134.962056
944.091484
529.674503
583.209549
633.450278
821.585443
759.008127
874.102716
515.975905
87.702555
382.987111
17.490769
326.842135
593.217061
424.159257
272.728837
752.151516
654.889941
322.363357
378.897346
709.518580
507.848464
733.106007
459.380448
885.664700
959.083105
642.140858
495.464724
62.588780
418.097019
746.060229
21.245688
382.811010
518.609509
879.415921
109.526911
303.977805
435.506027
421.384625
915.934749
339.905461
725.787927
303.152782
417.664192
797.060397
907.233464
81.172198
757.949393
544.481957
712.021593
118.045571
267.080500
513.346539
287.650696
879.596666
768.566339
623.367606
1.796804
420.984327
171.227920
230.304980
837.248924
279.341842
312.139731
93.680049
447.252989
441.573489
152.644499
406.685817
256.348741
81.558957
630.768213
702.879908
777.509597
862.722378
501.564386
915.850183
268.639215
931.978709
478.712169
501.577986
968.560932
229.005656
405.896781
761.557702
635.966490
544.690947
166.053591
69.867745
433.098752
354.092935
858.973564
331.798263
180.898581
826.812614
26.859249
79.683533
608.572912
860.480695
485.519858
129.425386
799.215974
601.258780
461.953963
46.151486
37.687103
226.423323
992.657600
481.486127
786.223572
332.389408
145.461714
692.650301
278.468015
104.575722
417.881456
358.140858
662.532804
598.791169
464.594506
704.715557
991.412550
299.301528
590.645280
6.990706
366.381064
537.610065
509.790941
342.373495
543.242458
923.238874
209.829178
305.400442
778.794989
617.189910
80.979957
946.219803
467.188338
708.745710
363.338067
596.292498
464.298340
810.656148
887.911729
231.019574
712.841046
435.089974
787.929548
713.516400
316.442434
247.273570
801.339538
284.259924
459.519743
174.440045
818.140312
141.441893
521.070961
298.588554
937.864007
467.395732
481.951854
237.349202
872.068844
910.113361
89.096867
81.551515
450.703571
436.787793
859.819250
330.163539
857.605669
991.962420
142.688254
16.385530
389.680073
183.206456
725.365780
562.670188
11.303980
291.156293
589.012145
343.462166
748.246753
201.120809
407.172653
458.026851
850.846442
701.193181
953.473038
65.979596
535.863843
70.192705
155.452349
644.148197
82.152023
489.906884
873.146716
780.192627
904.013733
616.941129
678.335130
491.598745
496.133857
903.231202
904.762496
933.029928
602.132673
326.605375
109.479440
303.535004
572.173593
854.977244
112.004896
777.981651
471.602048
451.848986
298.116728
604.194283
948.502327
91.523827
754.654417
752.000862
888.683296
478.201984
992.068247
630.636919
306.099976
878.502064
369.551116
578.735622
503.252992
759.077425
405.239906
417.944826
875.046289
355.718867
30.163377
739.669291
970.669434
91.337565
112.711817
49.497650
478.441029
986.113640
779.215487
520.567691
696.039481
175.292933
688.625543
944.899134
751.291786
786.224358
353.517758
971.133922
790.895802
690.710559
884.994268
655.819657
866.762354
92.375710
10.172170
743.703306
404.469242
651.338734
882.903781
36.047884
190.115121
806.486057
271.627139
645.837729
509.098302
50.684644
49.608288
606.441620
263.529564
885.402316
88.254040
679.616157
205.035075
314.193968
168.497650
421.558418
486.541835
504.495761
654.331784
688.915921
140.683736
659.822815
589.895580
953.928052
633.976788
167.233343
404.785891
5.997258
875.058552
0.184358
111.058637
867.890067
201.030528
803.726360
789.759237
936.225244
570.342018
779.878657
199.072147
218.344600
439.896551
186.147451
253.032431
877.015241
561.514945
363.124018
676.948604
349.257429
941.236562
190.044538
401.790504
799.245956
152.311057
65.724994
802.562494
165.471619
343.823353
166.204334
379.697136
485.243364
101.998503
196.951252
238.879203
177.957146
992.726058
870.776701
472.059238
45.785234
216.599552
912.144979
343.978269
121.969680
915.381366
382.472196
111.583364
965.522650
355.218606
821.123764
56.547351
520.503970
84.802605
670.342918
788.961376
308.263703
388.239721
540.577415
320.749509
397.650720
413.922569
348.702903
697.910917
152.974122
175.704510
241.489799
562.594607
781.966443
178.049790
35.954978
780.054538
793.711772
542.266804
18.369905
704.876409
914.016824
95.582617
437.678117
540.013918
458.334639
516.091255
185.713573
111.606200
518.423648
77.898979
810.323234
416.507441
687.443032
330.481780
131.880229
693.095865
841.104594
94.702912
29.817299
347.734421
641.420966
740.417952
156.521718
915.594170
84.638537
11.167147
115.147857
558.586073
357.860087
893.012125
270.335817
407.528337
170.052216
205.007890
797.055414
528.897634
812.986159
184.244662
334.002647
810.818756
65.538167
261.586090
980.633829
381.902390
540.373288
700.727083
308.979408
233.850891
835.039528
801.036694
152.378602
896.582652
26.018500
148.353143
958.353721
122.822230
436.172350
183.568373
401.415192
756.076035
689.410036
417.004276
661.514587
343.219335
618.599300
444.419059
808.697760
60.872212
518.631271
421.750925
442.441863
462.814755
947.439645
370.610518
300.825147
93.604991
704.760657
270.525594
161.070120
275.341939
936.307483
481.323154
186.139270
942.037325
494.168404
93.432426
694.799306
401.044695
690.816220
297.339486
290.717460
876.439374
780.715928
916.895999
867.502793
595.679787
456.529069
237.441223
472.744148
434.679183
904.136589
615.111009
755.488460
233.871941
533.290280
225.173173
304.980890
867.575238
309.450691
798.946799
725.335453
974.649037
701.574992
487.790646
487.702760
586.433599
899.350853
431.094768
856.184452
431.401622
453.705859
554.556955
111.654873
883.067370
202.656184
79.160034
86.730976
455.625609
650.335488
670.817796
529.951012
977.870313
856.724077
29.493632
837.378282
137.954469
72.843950
123.205404
422.873381
329.843126
32.226486
717.727833
763.561525
251.965692
982.075557
692.503940
772.654038
97.862655
456.523026
849.118496
14.001570
753.523698
661.993237
845.957945
810.726639
508.647712
275.955071
805.453658
66.932744
123.718167
52.986439
619.779908
629.761198
368.094075
465.074383
644.423137
824.941734
105.643857
611.968724
50.696547
539.490896
400.775227
49.626067
441.807760
742.311251
295.989179
713.504968
886.957342
576.557590
840.373959
120.169747
573.969130
209.392038
980.218063
956.668736
545.144378
178.451441
8.913517
590.099692
456.499071
322.419718
903.740594
487.187235
760.144070
173.901829
988.024826
393.560973
260.584257
259.411693
162.007157
510.774381
22.857861
667.619403
616.494691
782.817380
225.297166
842.365384
870.275413
592.819784
233.639846
535.447946
829.898650
179.161921
626.334943
925.183288
338.673291
692.505034
842.093577
530.484777
593.452309
585.341648
85.167659
889.042784
432.757896
215.280325
959.756641
780.758823
822.412578
116.569825
853.695265
337.087935
560.839227
823.717976
204.176411
23.555935
679.614769
556.324020
916.357120
697.031037
671.815102
738.888103
97.037654
742.367047
708.258822
226.770551
142.307968
889.602057
158.058543
436.087797
841.238613
92.668700
770.747888
582.036296
373.161112
355.087023
976.455439
433.822731
46.184813
377.453240
333.263531
975.677724
981.554551
446.916076
683.419480
937.966243
734.812576
756.547693
547.917721
250.265731
647.714583
792.211098
102.903282
594.349736
723.705276
890.221537
417.002956
61.099317
303.873470
359.600960
957.790971
273.057340
706.918032
690.187949
442.406487
547.156497
238.285966
265.769913
854.876836
144.420522
3.051158
426.234380
60.788260
823.512467
298.868304
420.110454
801.716820
998.228670
946.298778
991.656586
499.281491
267.027718
999.719100
415.515064
323.834005
370.051449
378.987576
989.885381
655.182549
149.979396
59.597985
20.061647
450.365644
349.800968
426.067094
561.462617
636.177056
890.171468
785.741232
725.544014
531.648207
685.662811
164.274702
404.416103
133.778959
534.078224
171.344117
281.457676
488.000363
228.366637
363.362531
702.382510
528.421716
755.111617
972.077005
339.808299
657.769621
263.833551
358.476960
619.498327
120.123233
529.113319
434.820854
84.920087
142.987966
339.431856
377.268018
15.435005
681.531506
595.586954
527.950897
501.387004
765.226690
918.006235
898.677781
68.496220
468.873678
900.268814
48.097018
914.326820
552.885431
398.293889
296.755319
643.984852
510.915176
848.463885
988.749908
999.626643
680.969832
416.491999
382.209298
681.260670
273.742487
762.536410
393.494726
543.779502
482.635164
100.961357
37.225569
379.075797
694.412972
112.254665
762.964781
766.896057
737.455048
433.765662
381.015306
977.108007
788.984375
347.199009
451.892402
372.643618
138.023595
99.317693
292.742302
849.899632
302.776640
236.976284
235.445249
36.088239
888.003685
632.207488
300.678084
296.088771
429.277562
861.183434
235.925807
156.338634
813.572241
418.245854
920.835672
964.315498
295.277730
316.120156
963.509885
238.001625
178.002427
777.115839
586.814066
965.669148
795.407680
816.903277
246.033460
966.594049
308.854457
419.115832
204.572452
14.619784
760.317792
252.534129
66.029670
829.994147
975.268834
427.878055
860.821867
359.611451
935.005283
789.023990
615.467051
292.325342
385.639255
17.540298
821.155926
149.614623
940.598646
627.867788
865.024968
340.612626
192.129759
818.933315
88.108205
305.199261
848.781903
252.000942
292.047438
934.772477
586.402308
125.672730
10.097264
414.298212
348.592112
388.240233
102.307227
546.834855
251.364158
626.972564
132.204839
38.039143
375.447583
311.699626
855.373522
695.178283
387.457713
66.852835
648.750005
270.626392
398.714994
232.684315
203.158034
358.097972
459.765492
873.617583
861.192810
634.885661
963.202909
935.397451
477.309019
472.655407
525.975601
791.975729
180.023480
147.199394
641.288192
40.156387
505.961312
724.745974
392.831163
757.820709
470.993532
519.105786
974.731331
876.034798
274.746153
556.041198
211.526271
315.319541
580.377267
635.678330
666.235025
24.782753
525.881603
251.276657
542.550817
536.253497
73.265460
780.377722
581.695726
426.481477
616.449050
395.552633
150.284876
561.796139
799.553266
216.906718
162.512419
580.190803
959.667648
408.072536
863.398085
736.983034
277.812967
611.577348
828.881912
832.018163
732.652671
647.121172
234.074297
870.944428
790.517707
815.873434
853.997025
943.243663
868.866170
655.173285
414.750016
98.090781
441.212506
29.543532
415.739597
220.136319
533.483581
181.851767
591.026821
473.732821
145.353280
97.267019
720.921365
82.995151
600.064193
390.080209
626.287864
634.128767
413.993353
782.378916
569.216848
331.442323
824.722899
440.529818
226.187781
531.412597
848.977276
186.815739
599.436442
454.740351
886.053811
910.499520
766.908646
952.341895
842.891524
379.364013
607.343152
449.949603
0.365009
257.027629
548.822497
821.615596
210.646072
141.696887
747.597230
605.981155
871.402197
775.110897
528.525654
54.371243
97.420517
232.891259
914.772680
613.990772
885.118105
412.709914
719.382684
558.228264
788.128478
987.519234
526.099612
136.866505
404.390240
13.188188
199.043234
715.446854
88.765688
788.460051
360.791564
654.197443
447.928631
405.290327
114.973512
659.407789
232.984359
135.515916
786.155209
352.849704
803.496820
177.591874
253.992611
181.857421
620.793543
936.682264
160.899243
440.942184
931.972299
885.593624
736.599022
73.553281
41.256969
509.597846
905.675166
850.520380
10.904774
207.847436
965.047195
240.153570
248.705283
46.262432
386.954107
522.682044
865.657394
522.439130
914.946038
478.027323
420.591124
726.810374
813.257502
391.155977
795.968168
943.813464
710.746785
748.580579
933.606168
999.721874
690.394502
727.561591
379.240136
92.328840
172.799915
999.125583
291.705837
792.852545
644.422299
175.229123
203.195706
692.866017
693.698037
166.851861
190.958484
895.863939
996.449482
489.426010
554.651120
405.234131
748.728120
649.474175
223.008278
483.491364
196.774229
56.451360
727.848845
94.486396
635.318256
968.657351
746.837472
787.266322
645.127247
30.304000
983.588613
869.421472
535.501554
605.229730
474.730295
568.795059
350.575587
665.122342
113.810108
353.227235
299.408160
25.219673
19.274693
439.479093
886.944589
644.267529
940.247887
404.472041
665.583374
337.905671
36.929834
654.160649
319.576240
144.847124
893.120466
50.728454
807.045760
131.823956
500.210051
385.827637
395.266133
181.933923
15.274646
250.127063
508.303956
624.860620
276.974964
664.347071
88.330846
384.114829
546.285766
518.110006
125.231791
697.556155
969.610046
657.808978
94.705653
629.710597
969.176644
472.388289
684.437163
968.242808
601.040390
625.023582
371.139141
53.337209
952.683795
83.383258
762.499170
140.885334
389.801120
378.977115
876.262295
579.471674
354.853170
701.772940
454.928683
657.859678
886.706774
929.871678
720.978032
872.654301
371.602163
969.575996
911.035838
835.685260
411.769341
789.220024
583.412031
640.046581
400.777462
692.287376
257.600167
406.730249
652.829966
231.270314
446.283424
46.566198
513.663589
511.543190
37.183264
73.887111
953.163101
954.867326
802.647460
500.464557
658.431137
527.678584
658.328596
87.127612
781.726142
984.743061
524.764646
718.796613
531.137081
707.188907
524.409128
816.567060
225.559692
659.330106
286.603729
952.877808
45.338703
623.148955
237.502702
655.528331
498.167087
786.063780
503.197246
478.720428
403.822089
442.921507
964.481567
940.053564
318.609250
787.184130
174.096251
903.005448
648.023513
522.477050
675.318204
970.277592
141.712877
929.219068
268.323670
225.469980
724.735393
24.045646
22.138824
76.555325
875.548149
706.426533
137.670151
636.446757
441.727476
818.061119
695.024528
542.854974
59.496202
998.600385
849.763310
510.228212
452.250794
242.958280
65.421066
96.910908
751.678032
175.160234
779.147577
111.058648
517.900637
536.872948
87.895487
695.752277
495.736051
118.688756
228.655276
853.506685
900.428213
813.123689
616.257298
882.940035
676.696238
313.845365
13.917018
908.547320
2.394224
326.940254
149.895625
528.425425
93.821097
545.807206
474.921199
275.857497
187.380737
883.054056
395.986550
511.557644
874.857555
817.794550
101.895492
138.853744
733.262482
466.460930
916.916717
100.490915
302.632579
830.751975
533.774426
781.566016
602.977309
366.784008
950.849957
482.945849
648.667122
362.765283
770.164224
174.198290
647.777441
21.889705
223.271257
923.963917
764.370502
310.333023
854.932859
574.675235
933.214776
739.780412
845.922126
919.391617
120.356077
995.887952
286.311827
384.012882
572.396079
772.995758
367.228413
234.199154
155.639801
705.994837
273.594531
651.960947
709.618956
386.264595
203.085128
732.784694
187.425046
481.872927
553.972600
274.590507
133.308443
151.717358
660.450309
546.217839
799.088747
338.932715
204.516370
22.074979
447.363287
25.984492
844.222421
925.323305
304.369979
449.033794
949.975023
828.110305
270.239877
676.676693
115.355466
403.916165
950.988205
445.841515
621.947239
895.912133
972.047740
693.448850
242.423333
611.094074
651.864119
32.084772
956.377898
603.234219
154.756334
229.153144
320.774304
827.881528
497.219645
531.322467
297.480817
59.495489
518.564611
516.367762
179.615915
782.359061
663.655388
440.560489
79.728821
625.114000
848.820213
843.191012
4.887801
381.983195
359.527668
607.545674
806.295341
448.359691
995.513417
148.830260
870.053249
766.310618
573.015943
249.484067
773.027009
838.563635
904.777673
399.642674
775.313068
420.580445
242.607735
835.689099
308.415526
593.021093
651.068056
90.073651
827.723836
692.522295
130.083786
379.873375
444.539622
430.763598
989.903992
60.266413
522.247745
244.263601
768.474278
248.118436
259.084748
985.525373
903.558002
897.498710
325.858321
960.311951
136.420367
566.020730
49.297969
749.246044
778.437742
731.226447
824.010046
337.771160
431.900892
557.133329
564.275869
834.006246
968.194817
301.202545
407.926728
132.868433
939.757022
918.413529
361.595331
290.454057
471.141646
847.060454
568.783609
637.949509
182.563405
865.454078
743.370079
226.030008
177.000116
52.217215
65.315070
255.289058
702.712578
480.573500
848.328830
123.326145
710.913431
56.400922
154.349841
578.550703
621.145388
758.657490
431.183394
583.183769
551.399552
668.888507
109.486680
875.054609
525.441964
938.301016
900.684382
878.026847
381.710661
386.650504
524.608273
49.871604
909.760275
423.749172
496.369376
135.534936
792.645030
322.748949
471.333287
257.599707
969.642115
926.213494
347.641513
15.254269
617.116011
966.911083
790.009917
4.446539
354.605447
487.603570
403.595731
620.904445
193.567590
830.490242
805.266915
772.514727
629.386409
219.513853
144.169590
211.825302
222.994081
927.061556
514.235377
400.850458
41.680390
229.990734
937.626203
922.292582
529.053319
446.807357
776.051299
286.838905
662.254244
449.110041
183.437095
464.357061
287.957621
777.145927
607.742514
124.140063
63.158307
386.365028
15.599202
250.647031
952.383565
97.166477
891.874197
692.368089
498.132713
487.928455
591.202797
804.343965
910.788433
328.703839
261.280533
658.149081
921.986181
373.949768
256.864596
626.084408
45.847930
442.598381
515.950386
415.326425
195.338676
38.087705
477.434537
637.476126
981.053914
737.998387
728.854028
657.988879
882.779168
976.404557
436.532397
105.749862
799.456032
693.883745
120.546508
423.983354
571.457579
405.116868
955.708496
663.166093
394.704013
230.988174
658.972299
234.039315
44.835588
802.182565
37.872701
493.365539
353.212406
542.582423
520.720545
730.999116
23.023124
163.669104
928.706933
394.086994
756.753960
214.078434
669.024800
104.060667
785.068346
347.724220
787.512531
420.296966
734.256099
139.063685
814.731881
579.805107
787.972481
575.302631
78.796349
279.625498
211.585440
765.694444
929.632728
271.187667
660.965039
556.268250
320.432493
865.260642
488.869546
442.858738
640.159727
736.099797
688.543758
313.331663
685.495506
445.901025
104.574598
401.138078
914.970971
245.788896
979.164549
362.992282
967.989412
664.084289
641.669615
856.098064
826.252108
859.763571
264.292276
577.863168
342.213808
317.194769
38.020683
559.498073
256.002594
340.954186
246.407452
859.574240
702.045214
719.872362
791.494697
85.423798
561.877164
789.425447
160.748601
982.066055
852.874709
205.478842
419.504047
400.253098
350.661744
901.979018
784.011757
579.217652
100.755111
927.048789
766.305821
881.849555
809.597496
683.010889
126.539930
170.383062
428.991443
976.678656
609.692999
924.039394
376.309742
813.845805
56.759892
132.683823
131.949649
997.461956
404.009808
322.803934
689.315852
231.347874
521.924113
901.442046
840.998581
479.070833
918.549881
962.024202
50.978754
526.270883
206.154150
295.979064
714.875555
676.201506
599.091885
178.177222
961.913081
312.416694
498.068251
153.485404
397.941550
616.107555
540.286903
4.112420
747.187374
715.495361
384.026104
132.322328
605.639804
561.868360
618.506636
924.361982
834.193933
179.135866
520.463772
59.468548
47.552048
482.984428
785.573247
475.562782
194.918692
960.725925
696.819874
956.184693
869.279116
916.606760
572.940287
870.192181
523.084801
379.587188
944.347102
651.592617
145.452188
412.002701
878.301839
854.691711
893.912286
199.377212
804.442319
405.897614
719.694221
190.944502
991.888758
593.283134
353.140244
697.100060
535.335447
720.760584
500.995270
735.029383
380.664500
657.132312
873.982828
875.130424
785.494229
389.234370
415.777577
621.982585
366.595546
488.545176
201.109951
122.711789
317.377308
497.075949
737.159459
319.005306
978.944487
476.554773
664.815562
245.768987
918.203821
21.716436
719.692682
487.674652
487.073590
433.417593
762.478354
374.555766
170.556407
875.116823
494.443800
149.537846
346.546234
795.083358
513.736004
519.577279
652.368776
398.899569
788.371847
199.645514
111.984453
284.571542
403.024797
994.519744
344.496328
637.280891
208.250263
119.315585
69.047805
611.745425
22.955587
284.678481
419.222305
268.065478
214.128753
228.906116
836.988313
326.750141
417.071873
95.626267
151.398582
442.475412
646.378048
855.206775
743.804922
848.796469
341.430956
316.845182
583.808213
443.629692
942.872076
155.287378
942.428737
785.564857
408.053169
522.350107
650.505057
708.456835
395.851206
982.212388
768.661061
383.558136
866.478664
985.010213
321.010110
438.979340
883.058643
790.278579
345.092111
910.265026
590.942371
603.255446
846.221479
619.788341
73.024064
978.681524
274.861867
35.392014
663.729462
284.060770
129.049817
324.832972
689.063099
856.693457
364.336053
104.778139
123.096836
448.669052
291.756862
200.046191
838.758528
572.175024
542.470606
685.492940
367.264398
475.963008
725.304947
664.467511
496.564662
800.930772
143.219498
206.968118
199.152340
692.539633
983.854888
889.369652
596.066667
654.226863
842.583973
439.537948
113.599865
87.965525
470.739388
138.769292
967.522698
544.584861
422.731361
57.687287
855.157057
754.321202
539.801734
780.259755
242.234992
634.997379
444.522682
672.533485
45.410744
383.003418
502.289496
692.478172
702.038861
927.630749
532.121399
228.614655
136.293409
862.566703
5.542439
483.498651
704.838328
145.518189
361.381428
444.752166
345.921443
278.151345
199.916939
199.133886
104.495438
73.383324
467.559316
203.587360
758.590715
52.435127
804.106263
60.562272
866.259766
927.049926
290.010651
690.571566
785.855091
24.099496
556.111316
233.505197
608.678396
897.406841
688.515981
475.720320
791.695607
210.466885
690.015697
942.948590
958.291653
520.007503
123.529241
713.365326
107.788279
296.084668
205.336761
918.874668
935.361579
14.596211
666.222994
169.276852
880.070884
375.444134
513.189348
703.764823
55.592469
54.275432
458.264124
861.102903
246.565910
262.654773
108.401088
344.545323
681.479535
163.827058
940.600267
999.356687
503.680187
84.725775
624.112537
361.108081
397.266820
745.291190
493.534326
79.150242
886.339557
472.081669
886.713045
634.868315
413.592543
748.655711
369.345433
320.132622
760.782960
568.629467
864.575856
701.412352
618.802004
197.971231
602.295100
105.732277
860.125427
65.693795
93.339649
995.474827
819.185199
964.153305
672.846826
925.518073
507.079179
297.600071
122.192888
597.870789
233.855241
960.291172
318.101716
182.424463
992.788134
204.807814
371.760575
439.484417
343.647904
842.721353
544.785215
310.984858
328.385613
235.412888
479.036568
193.598937
658.986209
520.014149
188.759314
184.837888
920.811183
204.028475
473.005047
411.918319
273.768421
367.705839
411.295404
353.189415
268.354332
80.386204
693.218378
505.872538
495.678582
57.198676
617.542986
658.913518
837.468648
583.783621
138.327718
538.066307
463.512654
543.939113
651.962671
329.706418
3.359745
42.174610
270.118848
210.651883
299.620975
714.466213
496.382880
916.541660
506.528276
888.946100
924.497988
297.361921
618.384911
858.508118
499.794391
325.811721
766.637205
916.659655
136.933910
505.021130
811.225205
458.208201
848.648362
5.703938
589.590603
104.352073
766.454335
848.419978
887.608316
923.865189
498.376313
678.102964
338.867965
739.062105
699.015790
786.212569
943.311662
592.067323
649.731408
998.862159
953.536831
791.420731
976.489032
596.546019
564.182270
939.304078
135.230298
458.085075
982.748426
974.055885
725.984605
379.893262
166.632593
242.240624
172.496157
491.188862
377.439036
975.475945
207.789699
470.754755
842.183042
116.765076
187.596004
140.558517
890.044699
232.072320
644.087267
619.222517
877.846669
558.882647
576.413879
162.605655
294.877254
788.354444
283.152050
157.505294
186.015860
638.423834
257.855834
878.226250
269.148482
268.996475
154.485804
530.104152
864.344529
45.425413
925.561414
626.249698
233.993325
620.829732
983.739247
61.516955
411.044159
136.802745
473.622221
29.223353
697.488225
227.878533
793.827936
613.135196
278.407962
922.664777
302.843081
834.769812
297.755315
97.647872
817.184310
541.519979
258.845254
792.214135
394.308047
840.322819
774.935684
407.953021
832.135482
573.082304
420.168767
188.835032
438.645055
468.600930
667.762598
482.022181
421.039419
68.579301
896.081751
578.879810
449.130335
70.479206
743.974008
708.693598
570.526454
43.612641
478.382019
0.432644
537.784328
931.674002
477.941159
416.499304
841.786380
432.244012
681.205106
3.821372
687.910130
526.461229
782.244251
245.999875
174.344183
122.009360
540.796815
551.651840
395.913456
940.977641
772.208757
646.181893
452.331866
592.363456
407.758313
600.176822
76.738527
205.449108
54.621706
352.201197
978.356391
279.147008
225.866655
507.919305
814.928271
800.220748
526.431096
972.412870
202.388924
893.603236
466.914776
371.586776
592.602998
879.818179
302.267894
938.039230
492.252082
80.786410
947.560721
898.970233
991.393702
631.809923
553.944019
177.334359
127.657939
261.995025
765.800556
470.498932
191.884581
132.037432
409.525160
269.920239
506.853266
405.391185
493.591050
623.120072
159.249869
688.776181
23.037987
87.938311
51.132545
221.888488
544.198097
312.786495
570.328085
709.850376
167.513831
990.809248
437.929508
447.064945
237.908922
770.926570
265.369118
406.876014
244.864505
317.338185
116.927683
231.527907
149.514264
271.174597
876.624372
374.932421
837.528067
750.830716
746.593365
935.660479
782.529161
791.032513
595.345958
669.860325
850.162924
8.344451
619.324325
876.102721
977.007660
738.903115
112.015427
446.600661
700.425251
214.656301
216.746406
916.664990
481.322673
788.853759
151.753988
296.786454
225.406643
929.869011
407.592439
245.176084
43.154330
585.557575
745.458027
91.853090
413.473805
457.171647
780.563621
80.149415
785.837307
13.410265
780.486388
421.482485
202.556285
483.169663
793.292526
616.168082
683.830063
947.280351
715.125663
380.691263
193.308617
491.977412
129.385965
238.339279
245.538407
530.004776
111.797956
508.048197
273.175687
174.740347
859.109769
449.483514
495.900176
431.678467
893.728416
39.745500
720.638998
422.216240
593.664131
386.188662
429.484076
556.457074
85.459351
747.848563
485.893977
660.850505
889.794170
147.968516
759.717950
992.059066
944.927750
355.354800
931.202054
140.070772
990.036610
712.770020
455.592748
735.081396
958.304528
198.391051
14.751349
193.500735
582.726821
909.583342
915.493178
921.620529
609.171242
270.510840
674.071998
85.632253
284.471335
279.902838
985.012033
80.866535
408.354678
827.697868
246.175055
136.486920
331.225558
684.101206
373.855107
268.513260
766.296718
425.384737
741.791978
641.926657
953.230203
352.773627
500.395889
2.409611
429.633394
194.300767
107.347239
141.065472
901.818013
835.827747
474.595102
69.454482
630.836841
937.609740
243.776529
929.152942
386.643399
374.653180
858.615462
600.862279
496.205030
370.497364
792.170897
682.037705
701.276804
65.463051
856.509571
356.687690
962.875545
873.398283
91.939894
869.725332
986.477151
582.660918
478.500508
646.842256
295.750197
555.617404
823.744507
547.620983
911.004755
708.807050
833.287613
369.506192
782.693646
333.165182
927.811196
50.326445
722.537062
358.935345
1.239104
468.064522
557.231099
811.844995
125.663440
791.701513
972.297192
824.526625
398.815456
528.674651
418.924773
651.196968
978.699511
954.343113
971.183817
557.871079
986.366942
624.540903
61.142344
402.738428
211.905834
538.812119
210.172016
991.016941
208.423360
996.531058
790.450119
508.376186
899.606010
312.041155
275.401658
637.426445
614.534688
439.672110
460.150702
477.565206
202.067286
537.096625
272.938289
608.939500
784.492873
819.880602
785.829929
868.588959
283.576271
589.443078
701.843978
72.744037
722.814766
288.645645
770.655596
172.421233
545.406620
579.078362
170.862700
638.309407
205.436309
166.849182
767.806705
69.114012
708.924164
249.135981
388.618322
774.582149
563.037617
106.195953
610.223684
780.820975
507.697968
787.884889
244.836055
797.617512
947.381959
514.813404
461.541957
872.407655
673.402040
817.339803
658.692717
48.525004
155.772592
135.775006
196.421432
132.902880
639.608446
479.080738
89.353788
260.200771
481.353992
806.427957
596.148041
681.038272
546.338497
131.437857
275.224158
74.992156
306.855731
956.788232
474.818116
859.468881
34.645014
960.735787
935.915821
462.805845
913.080639
421.457592
548.544993
459.919336
110.264674
772.373475
437.196954
879.765454
809.273210
948.041839
842.906614
585.099480
394.631115
693.540749
987.858317
351.323592
326.061547
625.558857
287.581936
647.507499
458.524718
161.307787
5.101940
83.402327
380.890780
94.277849
745.574437
131.853194
177.719309
747.146601
112.444369
289.343762
619.824683
205.994926
133.768174
487.138380
302.481447
10.798130
36.180532
1.918692
40.631543
78.396826
66.325972
674.353800
0.768710
613.009732
593.321364
185.596094
406.279578
407.431401
312.898757
477.911503
45.529850
103.884512
135.303931
470.475650
84.960672
23.804663
963.009759
83.074133
955.777837
573.828635
624.148810
90.484622
154.807160
941.639466
371.619733
165.036579
550.442857
351.979591
765.717258
589.328556
39.507253
790.465763
593.943257
377.404018
781.910343
263.915461
72.016196
336.453685
695.004122
885.428890
517.108043
401.541580
454.760848
38.268707
528.982437
182.602344
331.980454
690.275989
77.851877
931.922540
897.423765
808.130014
251.299229
591.287829
493.058598
650.126727
240.483053
991.808244
378.924725
551.568129
11.617482
573.000122
228.130785
908.969380
698.137331
624.082898
491.485806
352.182812
962.295001
582.093589
39.061384
801.943397
883.191372
248.208763
709.961097
754.824282
975.559540
920.858794
391.404718
256.069908
436.807609
756.834001
145.888841
401.898314
759.395106
343.949321
583.005883
850.580970
553.443911
76.032401
300.463458
993.122051
512.916635
596.235487
103.126201
478.119683
637.156391
844.879065
256.057195
893.719433
277.197501
318.309464
184.310868
904.591610
331.245207
117.906918
679.216764
802.408377
594.035143
739.594596
286.479249
789.848553
220.480447
688.681003
213.995512
935.925548
228.155639
359.241292
454.556736
167.823665
687.421823
341.483344
233.140822
939.060281
353.419291
338.311372
24.485669
764.083753
597.936711
324.774872
29.671142
582.426481
948.587916
229.880686
93.486848
119.696415
779.215249
260.383509
284.245739
776.274544
356.702728
826.180755
510.288668
613.643078
536.323474
210.287830
306.114326
983.946324
73.490605
712.214314
57.085937
852.953147
192.148821
422.505472
862.823780
175.414484
53.568510
969.577789
931.827942
352.264593
364.639476
633.900444
427.678195
539.999940
137.552516
913.510368
808.937299
168.535196
180.134222
911.382088
779.334997
367.783886
700.697283
989.645840
452.264451
482.337203
377.964254
547.234369
545.088808
52.057859
418.155407
345.876716
459.012829
197.625483
841.644724
244.330121
461.077454
97.764104
632.166124
879.632701
9.435556
20.959913
640.538189
709.796891
519.928541
586.034224
447.874396
300.738128
232.287871
768.598106
848.990781
735.903508
893.037666
328.126886
428.516519
434.646545
814.473859
137.634586
476.983093
673.845963
177.587517
504.882056
321.478919
48.568462
582.282676
498.320547
126.682457
335.199598
73.867651
288.175906
107.800888
578.240513
577.870842
399.221834
914.922420
593.362837
195.528421
832.799873
121.477269
208.132705
499.741897
18.531639
571.682779
980.537991
483.231563
688.646549
92.803149
467.616879
915.954676
824.635786
719.773468
310.786287
904.795550
434.226354
992.598901
761.680573
270.733139
582.487586
218.952505
752.062818
366.128771
745.493500
934.459529
734.326599
145.182299
476.916805
671.576432
944.397651
888.029807
509.960839
888.723617
787.009710
329.601093
838.447361
755.745715
100.874516
925.359908
33.722711
962.468223
119.368384
877.505110
893.403396
823.123303
983.089487
772.679177
848.689081
3.574469
731.947266
668.342135
500.043182
68.897351
171.065298
247.524541
661.040393
123.880470
632.629329
88.891295
707.608646
787.587499
701.641677
855.879203
252.778191
548.607471
487.731335
942.690051
416.595562
125.477685
79.577259
460.513367
120.013261
393.310109
549.547480
324.207668
698.361065
235.096869
688.156008
761.950271
391.260384
839.849114
987.277101
532.498539
463.730372
11.042138
266.017032
499.974056
438.184181
508.445718
299.374353
132.459251
497.898463
582.051062
547.971400
45.557286
41.019567
727.999526
27.175239
148.342943
64.829302
156.569383
233.157467
963.405048
541.189669
243.443819
467.838268
903.579555
96.410059
30.429443
172.485049
161.641389
779.777082
317.819942
231.246425
248.293406
412.451705
839.079735
743.124852
176.763703
598.066493
471.653405
221.716104
951.186705
406.601278
40.817649
266.892710
269.257507
376.964947
643.158353
151.921644
704.183548
383.831931
254.322602
752.403689
147.537181
573.299084
920.630047
30.021180
115.900003
684.387867
979.351590
341.401766
445.761739
768.414614
223.627727
573.091796
266.720205
169.740582
357.134384
370.628580
472.283634
487.448931
296.231578
590.545097
371.197765
301.213403
324.089579
512.865810
662.459390
711.311578
876.287041
816.961230
617.855202
870.891379
634.375809
26.324956
151.518060
318.204517
876.824161
575.032799
441.032652
40.158609
658.917080
397.161794
255.815716
261.820527
197.122900
691.094827
319.636376
663.101172
511.162856
75.098634
150.733322
458.491822
922.969453
941.668749
356.668969
160.929694
236.261545
437.790805
509.970395
172.045756
256.398614
955.870450
802.163105
817.528489
264.124470
653.767679
825.937072
814.891873
493.337039
58.300663
879.041560
150.373360
347.524612
88.487718
685.048862
554.383808
417.028790
959.736660
992.257309
969.858727
996.079508
727.855439
883.184663
698.488459
200.732402
229.976226
557.160162
188.252492
310.483277
497.493773
482.672346
688.963647
464.874883
733.387668
968.100235
108.909282
438.086201
491.868307
236.952082
27.996218
58.223026
277.818230
772.445480
47.232493
436.184699
278.844770
705.393318
449.445614
819.939041
700.762581
214.795813
571.966135
664.648896
321.286039
138.924826
92.033836
359.330879
872.424241
735.861872
885.858055
383.361111
373.096325
44.235410
41.858824
131.377000
377.944717
275.122871
715.294335
891.995221
471.220914
85.821310
56.518986
694.392763
285.971400
510.602906
723.420800
204.266389
807.647374
101.757410
537.010244
342.490444
59.748215
631.481761
999.507924
321.173765
88.350633
107.773608
659.630107
108.271605
909.437455
989.966705
782.779976
26.018617
640.027951
723.008514
854.906010
486.407523
845.670577
381.179418
105.337841
271.192169
167.019093
223.337595
584.120782
791.745491
420.003940
232.308896
533.077166
986.303239
340.246509
32.046331
226.354902
580.538315
222.344843
287.193308
873.797423
240.601717
526.628228
24.154716
768.754505
396.242908
849.070457
690.166514
185.542735
196.677281
271.534188
224.371078
423.976987
907.267042
470.074063
342.543865
624.618781
855.694859
385.331290
26.656970
443.822896
892.220646
954.022390
608.763872
429.773851
365.819543
642.265138
809.839628
841.833333
519.914798
497.822410
760.103817
372.138123
592.615879
92.481506
195.083682
1.661062
987.133844
869.671170
151.798699
400.660832
562.092955
472.481924
214.194690
274.353673
966.449479
672.940435
443.813002
991.963024
612.868641
731.758319
742.084344
263.822335
333.681632
330.201814
92.207776
670.902266
691.528399
306.959312
78.477494
36.840986
523.959941
398.304187
508.441399
197.426181
261.415239
687.813172
82.356899
339.702594
278.625400
149.017945
35.312911
989.975039
752.745125
995.538931
981.663283
175.535049
288.552622
631.347658
35.506474
561.476432
545.147342
653.099534
593.487205
124.017398
724.658558
292.344619
675.931703
103.748586
195.902497
268.636501
411.660214
544.996554
6.609438
171.682082
280.157224
609.120716
7.274394
232.136089
485.501980
490.053886
605.454042
326.165870
281.886590
483.199401
607.024166
594.725405
313.078298
810.907018
343.621376
428.363921
635.484406
636.851769
243.438532
994.619845
818.928075
604.061628
242.835824
26.235705
13.470852
788.243998
846.950744
265.844691
158.743870
349.582073
332.696284
817.225881
181.086876
27.133651
563.534784
714.509104
286.372024
594.079391
547.057842
458.476082
588.895291
268.572325
211.291355
620.089384
420.020435
646.036334
768.616626
550.298276
791.923782
992.351100
476.245837
672.178270
970.946943
90.370089
307.293134
321.870113
577.609783
44.227214
800.880984
201.226259
339.532337
608.761666
330.787860
34.372630
129.094019
536.196168
999.196366
493.562258
854.908434
200.318185
647.570140
565.135899
652.061891
546.582473
694.500534
48.602011
94.296645
357.830073
468.116506
187.444916
412.031866
950.804900
963.129920
360.284885
94.228796
641.444507
218.933284
478.212614
246.156264
359.469759
436.390434
601.720902
126.445882
14.753247
37.164821
54.472397
843.629293
683.587087
31.394553
234.937743
534.083961
358.410994
513.684660
50.669609
612.589155
625.279431
194.740458
884.920489
152.058254
964.325835
441.405292
95.321749
15.993163
103.432715
372.816629
46.640765
982.571527
969.146867
35.388204
677.886356
830.118059
729.550889
948.625329
809.559497
101.360270
31.026750
946.847061
463.456228
119.964076
917.618859
562.868529
27.795490
321.444145
938.194773
576.171214
543.704596
646.547582
390.533175
898.360162
352.810979
814.212080
263.167072
19.805679
397.079234
178.231154
300.200627
208.970293
605.701754
750.197263
688.727712
95.834302
148.544123
859.021088
235.149059
835.069472
187.810885
395.270801
708.137865
116.789525
918.725580
141.080387
734.779284
789.558313
280.225398
572.590815
285.411666
717.136000
586.132457
162.716932
378.833562
582.388464
979.180414
591.243472
232.813055
729.282280
921.656137
806.108235
876.708255
6.423306
416.292508
57.528674
975.376222
460.278356
351.456811
742.547870
906.887605
597.812268
584.247915
870.271291
290.757576
243.010655
18.754214
245.186931
844.226356
201.790680
746.627623
684.034436
244.339980
134.902969
339.771939
747.906285
989.038883
611.377616
778.022485
380.680474
123.615721
662.399794
554.332837
849.926287
643.932250
287.926538
314.182341
898.003928
670.004038
621.195251
748.821807
794.170375
99.392489
729.326211
227.949387
827.028336
818.490431
127.335498
690.096908
11.182075
223.366250
915.684312
484.651601
776.012617
332.348769
341.868995
62.368391
45.290843
705.849909
945.163759
463.006841
320.799902
431.890520
984.683223
407.510718
409.511600
48.229984
716.634864
464.871283
937.134219
617.320440
556.679111
203.591679
208.049557
461.127013
907.586621
62.511062
171.139535
11.652865
897.478095
151.738151
617.574383
955.192868
226.791000
87.389125
144.457839
196.627862
866.175249
591.374135
271.270657
413.296992
436.394724
983.719521
420.704815
217.199543
808.147894
457.525920
46.348165
75.763515
340.516365
789.141503
698.864331
313.328115
239.279250
449.167918
319.786481
799.468493
923.047685
252.436376
407.160031
117.818493
330.355135
77.477343
606.983584
255.291039
246.692329
815.214208
499.154633
268.163178
435.025252
111.662108
894.006216
951.613416
684.315337
107.287688
438.969191
513.703380
728.081694
692.796637
255.813694
432.191460
592.474600
637.544312
924.835735
24.418199
357.365527
912.673116
342.972514
673.900525
25.746092
570.224950
985.013518
341.749165
646.779246
708.508974
705.719036
442.136631
452.047531
494.611707
837.929377
283.454749
637.310189
114.009495
538.664980
825.829405
958.777997
881.334533
783.357131
987.049807
490.328850
866.701628
186.298254
47.565746
284.916400
499.819123
971.573599
724.636689
914.258124
905.496622
808.243070
6.701504
685.759915
849.385741
382.919408
906.525022
116.901382
475.114844
854.894625
831.700292
437.518856
355.580981
350.239621
610.206467
826.971623
942.625474
694.775219
176.573990
751.678313
107.125337
762.050391
556.557836
547.290602
548.020053
203.218786
520.818659
877.063095
213.873928
509.609262
960.431244
22.834780
316.634003
168.603382
389.587152
9.940098
447.430650
473.145792
60.263317
209.283742
187.924805
110.322335
782.528560
313.539575
574.296596
57.521456
413.402117
883.617062
528.048899
601.496779
651.505131
394.305355
545.019909
208.492635
995.536949
309.952849
250.854269
602.545303
234.184081
293.703437
95.854443
211.283976
680.793725
558.747323
452.324672
5.650527
134.004985
312.210685
320.994793
604.363943
544.569081
186.883806
733.607247
722.244775
182.462068
360.070109
295.142295
867.112927
468.869492
16.538705
722.214912
293.745776
4.948856
985.973288
790.040088
130.929088
716.440778
800.310413
399.103963
72.901637
354.498534
800.639051
820.675560
844.115660
342.190796
809.266820
690.027126
713.453551
778.280006
738.794805
829.737808
695.770844
480.170276
380.289383
21.648551
320.043874
555.987138
681.216202
12.916313
599.178658
148.895312
945.461422
962.145962
402.123280
509.680572
777.006547
59.181256
694.412199
75.958363
710.836647
189.648146
371.951115
642.428911
407.133442
659.355353
50.162221
432.179398
419.278236
854.885681
500.111973
921.298803
74.555869
728.390777
860.303723
627.695747
521.850534
907.321029
512.255304
533.892897
712.091167
260.847286
430.045416
307.571458
871.781694
982.955659
929.933046
410.349783
808.963333
392.922019
527.279959
198.814830
558.035382
730.091190
625.643602
428.862890
402.900544
722.564718
271.946813
232.366743
462.080731
481.005696
486.889281
536.258706
157.054925
778.941633
891.494253
674.187554
681.663427
528.204099
449.620802
920.077263
340.917646
436.012549
488.931739
693.822863
517.801756
542.836859
187.319149
330.052518
725.415858
245.151116
965.491109
878.797274
948.730461
24.100419
359.178801
755.937269
296.454739
814.287459
462.365509
9.179539
190.262740
449.418707
597.696037
869.316043
604.136349
961.782592
213.500338
312.410885
415.489511
303.882669
832.377729
0.768060
443.236038
881.843547
701.544960
136.949478
475.710045
641.715522
838.656193
982.395684
752.086826
390.119780
282.663842
317.720400
38.972286
630.615495
601.316359
435.665919
501.900308
588.777339
423.457372
484.873568
626.533021
688.741444
331.200563
394.312847
850.743824
463.880723
349.169719
604.807026
835.372115
794.594631
369.834460
22.277983
813.585484
921.090552
337.899226
807.556861
230.626736
727.181838
639.971426
319.482222
942.005258
395.293041
547.360849
675.185844
96.002475
234.056362
49.557062
55.092557
323.731367
200.732242
479.523872
20.145163
888.477608
482.116296
349.420642
210.909698
627.802827
734.698650
22.103667
985.773337
671.568801
68.346664
9.685697
72.127132
421.827931
134.875592
765.350070
645.966896
893.185311
370.286919
804.631091
504.894588
71.790318
869.758615
632.381025
789.677186
237.232344
814.375692
68.538639
623.421089
353.781819
790.321469
637.593565
793.870278
456.037459
959.788185
573.937117
607.084951
931.007608
123.659595
806.116890
339.194834
714.142738
15.871486
362.293036
557.625309
570.395674
340.327765
480.838112
892.718360
871.793374
645.708222
944.151048
999.617364
643.799923
684.688954
144.143496
99.124808
862.005980
203.979218
368.412507
720.372940
37.696128
52.224900
668.471877
820.501134
855.414690
901.395058
73.715932
294.395254
248.388890
323.148011
36.874569
687.052588
328.199070
918.627304
497.876961
698.751129
783.811212
138.523670
266.652026
959.943085
570.539276
414.717069
392.560713
180.474538
412.184005
548.055208
857.141216
821.316066
62.087786
598.159559
419.118129
609.191059
560.568172
84.994003
509.901349
463.317223
474.281995
519.861669
676.818868
370.245372
525.456904
513.274720
552.490556
311.883389
705.430901
731.093843
389.822403
586.987657
698.049342
421.658672
162.501294
818.729553
863.285553
294.184972
555.991583
133.933982
537.806445
353.063378
198.098771
448.756301
573.097392
651.279830
59.721409
100.987499
144.569699
722.916567
172.078823
430.566335
928.497215
793.544987
790.215428
778.712058
896.016885
459.694669
852.029386
361.548718
434.383850
727.663663
666.297869
319.731446
991.742629
175.112767
196.419999
451.365516
177.908038
124.065678
673.802692
540.133262
809.994576
449.804167
656.260367
907.844449
853.965767
228.904387
425.758300
258.247747
482.339681
658.679998
657.409156
541.671745
466.690370
352.834489
843.015016
538.384988
792.749345
507.317593
164.630006
888.157106
608.303155
228.723081
208.184803
867.361084
911.257065
322.062738
980.949367
370.231985
462.798315
877.208907
363.856935
547.440768
966.223492
500.197939
885.717743
296.734044
367.929441
259.697276
3.097959
215.020367
945.136360
132.114403
230.547619
1.113637
702.463869
89.573105
875.061941
475.461846
964.357478
8.978284
218.011780
163.566122
959.246648
18.370353
736.947345
16.036530
375.227360
256.758110
832.224936
28.636653
792.207500
338.146155
311.559256
648.414365
32.941834
641.523401
435.989397
84.279785
790.047546
701.660131
644.565314
753.705073
942.035888
861.756915
243.798679
265.385294
931.886514
238.738030
813.257750
605.008136
113.345893
526.165184
526.836966
383.794489
621.457830
155.844475
932.751089
153.689088
225.340677
982.796592
21.201643
574.392462
491.341960
640.179436
911.254339
354.732300
513.279529
843.015106
359.813784
349.686242
939.683483
154.440685
287.987762
786.822100
45.754993
822.364764
112.095473
561.892945
657.495188
893.310644
806.189442
477.039535
951.879229
549.643827
864.100664
73.015533
312.390036
90.323444
283.723531
192.023994
925.265470
409.422506
481.117559
195.033195
395.524072
767.963161
706.938001
702.777084
87.016009
950.692359
920.929814
325.396733
775.630966
296.692336
854.419099
426.543400
15.541045
656.199295
591.835157
984.618546
255.994251
186.560475
54.214620
423.377381
155.539387
453.148692
433.234832
495.083939
294.746940
842.996701
487.331405
568.534038
892.348261
806.377906
315.924616
742.035916
176.128342
573.818650
957.506885
852.220566
627.223524
168.883339
562.454167
291.608827
63.244914
931.255380
78.794085
862.737500
491.754854
959.126396
837.427847
897.186488
181.068901
805.782968
530.963136
62.275684
89.115165
171.201802
192.634519
872.077925
463.684536
682.099531
924.982457
140.394462
919.225889
719.793181
195.513342
166.091221
833.775984
627.503536
848.002594
710.389551
630.692386
14.106340
913.015782
34.160871
232.313182
786.478091
859.453564
375.628961
928.629410
887.969083
627.012652
154.764852
654.794958
917.713570
680.012222
158.261521
719.558856
680.260846
476.875925
313.803582
84.981715
520.474843
484.508178
148.053479
214.546551
362.041703
368.897179
755.588120
493.291145
912.104523
713.527806
892.584332
115.738628
892.957259
533.545895
759.304831
990.278807
191.754514
482.174494
279.085904
87.428452
912.561364
185.059667
658.583006
724.730495
303.178801
19.278401
918.118041
996.911884
972.480709
760.867271
679.020723
948.555366
863.613802
50.047335
880.718812
849.405953
707.577949
13.425907
446.235412
111.405170
761.211405
203.733897
631.634882
8.321561
946.907550
588.677106
250.221073
942.277784
933.597258
931.466019
786.401824
42.195847
504.555710
565.755662
339.868795
899.351101
348.813758
573.192695
603.971548
398.160392
750.251454
703.594336
683.466780
852.827441
15.187070
974.205578
297.386682
165.670095
217.430153
918.302042
407.226558
418.897423
117.924493
240.488658
343.843781
303.228369
399.875593
526.174136
788.470047
619.950751
65.373300
764.325172
647.391439
12.096775
558.421070
612.227970
485.287984
803.432742
593.202176
914.065354
815.310518
496.382663
873.302694
795.238346
82.316691
723.425717
10.223579
502.012579
820.429343
524.623179
405.137431
504.351202
967.591259
698.992474
939.757245
622.935091
822.826738
355.328740
552.080763
917.940060
209.259656
236.123093
479.352525
964.144995
256.315289
855.862890
559.944236
409.939518
421.450019
698.173422
638.040239
847.602055
892.192792
651.316352
272.952035
108.758322
285.384930
886.612423
432.907227
411.556178
608.017085
22.489179
229.043168
799.415715
263.586283
481.964392
827.887196
589.307113
302.597719
74.798488
419.471473
823.201906
815.089387
712.743197
507.171859
23.093922
878.886418
689.053726
782.457655
474.386795
692.184484
867.497322
305.418418
124.873707
255.093563
974.066141
866.432479
193.580771
990.467502
712.318355
271.236388
658.360003
732.512950
258.671543
310.575188
711.199727
776.524371
610.661892
925.394097
446.378787
685.657049
884.405305
572.984299
400.591251
433.983322
582.188394
91.195834
356.849159
969.332466
900.892699
266.001542
762.619655
795.484960
65.989179
100.613113
169.202973
42.146978
207.037049
68.826061
144.815807
578.270542
568.981427
194.281317
468.746658
625.941030
765.279418
450.403414
979.215669
770.953286
852.334135
136.315796
478.517841
266.511870
850.304523
611.368054
927.948781
488.206670
32.427685
662.072662
552.551205
817.648371
69.687247
354.832669
467.746247
63.939035
687.744126
356.304645
338.442830
98.619597
179.604222
262.753499
415.261810
892.105680
962.621359
334.037575
469.173832
465.884606
383.300408
302.589911
37.795866
193.645806
524.649641
138.743080
744.747773
139.081386
320.200260
311.445496
479.442347
798.352906
625.914717
392.758891
839.593858
958.957102
625.027342
202.941464
486.944272
845.215894
173.909615
389.188158
804.958887
487.577211
994.288542
306.054419
211.449764
868.624432
100.243915
827.325049
655.893532
638.482045
694.588107
997.354227
340.629388
544.977223
694.240124
201.667880
446.440076
791.753340
403.560112
151.398743
565.630050
381.831607
458.716935
795.051219
945.330349
842.971577
951.205423
434.045739
732.618866
541.881922
55.613573
295.070179
924.570377
819.250735
576.435490
740.493319
660.143612
195.736243
273.852177
411.251084
302.214677
443.100118
848.932008
289.012431
882.228014
76.250600
628.766580
736.804935
795.322391
61.739945
712.522518
904.032546
154.696944
664.493026
601.598739
355.994967
872.987324
635.269904
940.266239
753.727776
692.896818
478.739642
234.043208
113.872079
407.916306
567.471733
94.146828
821.020005
103.570339
229.793426
753.684618
305.016693
174.155320
562.471711
667.149851
885.685454
279.023044
662.069428
90.063773
966.746231
704.872810
718.501252
838.757933
458.708153
60.216828
400.023763
424.851974
276.127224
493.992487
458.624723
452.428682
945.688320
43.217369
936.880565
458.931029
725.110739
430.051408
922.345596
62.181566
331.076982
80.570187
442.232195
712.970648
921.107220
289.150670
599.300830
834.604896
708.049396
961.039377
300.966388
119.689329
608.188926
221.384437
835.906804
335.837444
102.079687
504.045143
62.754775
699.843854
163.539166
986.120204
336.508266
541.269561
26.748920
805.742525
701.256583
239.337889
108.279356
925.625325
42.447009
809.625300
495.350518
822.164001
373.443600
731.248696
121.088512
58.256242
59.069843
525.174241
792.934980
585.580002
39.805701
390.006604
350.656524
441.018882
544.980985
923.614964
668.766020
567.808869
567.846089
385.634493
851.197357
300.261145
821.722289
753.951145
168.949872
853.477659
307.212919
226.795268
511.861737
53.403257
991.488420
546.356186
700.563940
634.484497
802.595740
641.695487
512.227621
145.131029
91.740168
881.347955
556.953517
907.865281
512.067460
846.169750
919.075327
885.612585
388.185003
891.709493
413.389926
651.891739
984.011855
908.140708
901.035225
797.350569
658.993567
333.589219
33.272986
182.169305
604.938960
544.533985
605.082734
988.940481
643.816060
471.183280
218.096840
637.938745
549.747570
62.399625
973.639707
67.681451
385.740386
517.437669
64.735507
716.544654
326.303152
636.760069
632.400720
179.106867
279.194242
818.912696
318.504348
325.787433
168.258322
196.908283
213.669801
429.860104
73.405141
593.442649
750.079497
470.748308
259.973546
50.939549
972.825947
27.945235
467.109404
752.881445
856.171350
896.087256
153.231105
61.251158
200.185277
74.343640
595.575886
130.884865
781.071899
743.798285
330.191536
564.734708
138.432228
537.731494
416.183510
607.368775
405.873224
401.823173
944.971321
419.124766
624.223477
956.574439
706.916762
463.496826
112.121588
393.704413
794.937663
664.643556
329.127955
347.585266
908.611730
990.381471
881.436481
45.934438
574.238694
833.934380
210.692295
424.965726
879.645146
335.777543
432.434017
371.021338
518.404242
331.927483
278.229541
177.900635
957.146633
820.341522
314.993627
357.005675
654.915542
729.376619
906.434244
512.972074
383.833034
693.484976
174.026544
113.437806
389.810731
691.865915
873.707094
686.340717
997.650228
770.179596
886.349063
815.983865
190.455199
596.176603
458.859957
42.576807
637.056670
879.659242
585.543521
789.658736
451.077572
636.380143
448.323589
35.648591
756.723166
859.369019
680.440341
446.066466
260.666610
714.987233
553.017304
73.244418
633.825082
566.403838
814.582069
274.394591
441.001767
774.842026
741.792685
736.163437
423.102190
74.855980
317.061711
798.167185
632.589729
239.983016
378.624829
362.513654
17.051679
353.970028
31.161537
866.548295
100.126483
815.137095
601.459503
143.431406
724.679338
457.444296
49.235984
186.124004
855.229197
318.896631
360.029127
229.267347
244.645686
462.707275
870.293847
920.072632
29.518839
870.561900
848.309470
224.223823
855.435142
419.383883
411.245618
165.369977
321.304637
6.729022
956.925982
345.843894
804.427353
748.644195
310.945134
781.428460
447.857731
798.459516
596.859649
221.234726
568.925560
165.352544
437.231572
708.409682
423.243732
769.706868
315.046335
328.312157
360.234446
264.554605
794.404549
750.869205
581.481637
528.892655
210.301834
586.917471
645.784726
734.072095
689.257936
214.091642
807.641446
16.333177
940.352568
291.435520
624.855538
433.605859
890.921463
415.397644
311.584526
107.187855
148.860746
197.273556
424.442956
473.444322
315.313400
676.993123
731.631361
298.772536
318.445456
751.691531
455.687548
819.200124
537.881402
488.985917
498.532364
505.211226
732.229399
489.799727
331.992806
370.482878
708.908288
97.184000
871.773531
861.111366
801.480625
579.763560
687.263500
948.715808
138.452114
253.266069
564.014049
990.932829
983.686420
292.331170
940.300427
374.484513
31.185265
740.697298
915.290262
87.403139
119.844912
67.131612
442.219432
557.430736
409.544071
775.686367
252.213556
666.910868
357.320498
130.114480
612.956868
235.613984
985.127139
978.723380
667.218131
315.851328
454.624170
913.547577
682.738343
919.019226
46.852372
334.429358
688.227134
304.819753
940.946538
755.947440
329.288189
672.870694
339.281072
753.312923
311.605558
162.053932
966.780903
774.526563
168.143561
798.123529
886.421683
109.260598
454.942872
31.229989
71.456852
555.183303
709.257925
410.101736
400.368817
406.230721
758.474275
14.607885
136.795393
450.722164
708.908168
726.824339
750.718326
416.359154
970.507496
739.391172
607.736784
255.881001
945.997354
415.604596
684.230172
755.118201
275.655487
820.779603
336.468273
231.257017
370.958331
735.720498
732.549096
306.951761
27.134581
418.556489
100.821113
893.658194
785.766500
594.567713
515.808903
239.419806
656.367162
129.638592
747.346428
72.217863
723.211930
750.289895
486.707549
750.208703
581.010507
135.900882
687.746807
774.708781
287.253162
565.498579
102.328120
168.443820
217.544247
276.952621
915.349579
386.923093
925.643752
712.489120
328.440644
638.818440
659.799464
478.584111
770.037746
199.000562
75.839344
292.141314
956.961389
646.346612
136.379967
537.054665
554.476100
856.706883
695.855977
469.206398
669.433635
323.217335
1.143828
444.742098
801.939360
985.592200
848.824651
861.165853
